def tabla_multiplicar():
    print(f'    {0:>4}{1:>4}{2:>4}{3:>4}{4:>4}{5:>4}{6:>4}{7:>4}{8:>4}{9:>4}')
    print('-'*45)
    for n in range(10):
        mult=[0,0,0,0,0,0,0,0,0,0]
        m=0
        for i in range(10):
            mult[i]=m
            m+=n
        print(f' {n}: {0:>4}{mult[1]:>4}{mult[2]:>4}{mult[3]:>4}{mult[4]:>4}{mult[5]:>4}{mult[6]:>4}{mult[7]:>4}{mult[8]:>4}{mult[9]:>4}') 

tabla_multiplicar()


#        0   1   2   3   4   5   6   7   8   9
# ---------------------------------------------
#  0:    0   0   0   0   0   0   0   0   0   0
#  1:    0   1   2   3   4   5   6   7   8   9
#  2:    0   2   4   6   8  10  12  14  16  18
#  3:    0   3   6   9  12  15  18  21  24  27
#  4:    0   4   8  12  16  20  24  28  32  36
#  5:    0   5  10  15  20  25  30  35  40  45
#  6:    0   6  12  18  24  30  36  42  48  54
#  7:    0   7  14  21  28  35  42  49  56  63
#  8:    0   8  16  24  32  40  48  56  64  72
#  9:    0   9  18  27  36  45  54  63  72  81